CoFunc:        1.1972333431243896s
Kata-CVM:      37.78304276466369s
Optimization:  31.5586288852115x